0,1
0,2
0,3
0,4
0,5
0,6
0,7
0,8
0,13
0,14
0,16
0,23
0,28
0,31
0,44
0,66
0,87
0,88
0,126
0,160
0,183
0,195
0,203
0,210
0,215
0,234
0,249
0,257
0,280
0,283
0,341
0,374
0,442
0,482
0,508
0,547
0,571
0,589
0,610
0,621
0,633
0,659
0,669
0,749
0,862
0,897
0,909
0,973
0,975
1,0
1,4
1,9
1,10
1,16
1,17
1,20
1,21
1,25
1,26
1,27
1,29
1,34
1,35
1,37
1,42
1,48
1,58
1,63
1,67
1,68
1,73
1,75
1,83
1,105
1,106
1,131
1,134
1,138
1,141
1,165
1,173
1,182
1,186
1,189
1,225
1,264
1,300
1,310
1,313
1,323
1,324
1,338
1,340
1,342
1,361
1,362
1,378
1,423
1,428
1,454
1,455
1,459
1,469
1,480
1,485
1,498
1,503
1,513
1,543
1,552
1,576
1,593
1,609
1,611
1,622
1,644
1,646
1,673
1,699
1,708
1,730
1,774
1,802
1,818
1,840
1,876
1,895
1,907
1,939
1,948
2,0
2,6
2,10
2,12
2,19
2,33
2,35
2,40
2,65
2,85
2,115
2,133
2,172
2,177
2,205
2,214
2,247
2,261
2,298
2,306
2,331
2,364
2,382
2,415
2,487
2,502
2,516
2,558
2,623
2,704
2,706
2,740
2,783
2,871
2,872
2,890
2,895
2,988
3,0
3,4
3,5
3,6
3,9
3,10
3,11
3,12
3,13
3,16
3,19
3,22
3,23
3,24
3,28
3,30
3,31
3,34
3,38
3,49
3,54
3,55
3,56
3,58
3,60
3,62
3,74
3,84
3,104
3,113
3,123
3,126
3,128
3,148
3,161
3,166
3,191
3,193
3,199
3,200
3,205
3,209
3,217
3,266
3,273
3,278
3,295
3,298
3,301
3,304
3,342
3,348
3,388
3,407
3,426
3,427
3,431
3,436
3,448
3,453
3,473
3,483
3,495
3,498
3,506
3,508
3,509
3,539
3,563
3,599
3,632
3,685
3,686
3,710
3,716
3,725
3,728
3,729
3,742
3,751
3,776
3,791
3,797
3,810
3,833
3,836
3,861
3,899
3,902
3,951
3,953
3,970
3,987
3,991
3,999
4,0
4,1
4,3
4,5
4,20
4,24
4,39
4,59
4,112
4,135
4,140
4,170
4,189
4,204
4,216
4,234
4,274
4,306
4,331
4,381
4,443
4,467
4,475
4,492
4,506
4,512
4,541
4,548
4,572
4,578
4,580
4,686
4,689
4,764
4,771
4,807
4,813
4,816
4,937
5,0
5,3
5,4
5,7
5,8
5,11
5,14
5,18
5,22
5,29
5,32
5,35
5,37
5,53
5,64
5,67
5,69
5,70
5,71
5,78
5,81
5,88
5,101
5,104
5,109
5,112
5,120
5,124
5,125
5,136
5,145
5,154
5,170
5,174
5,177
5,180
5,187
5,188
5,190
5,220
5,233
5,280
5,287
5,288
5,304
5,329
5,337
5,354
5,357
5,360
5,370
5,377
5,386
5,410
5,417
5,419
5,426
5,433
5,456
5,468
5,475
5,488
5,500
5,503
5,505
5,515
5,531
5,532
5,545
5,570
5,584
5,588
5,601
5,644
5,646
5,648
5,666
5,693
5,749
5,770
5,771
5,868
5,915
5,925
5,929
5,938
5,958
5,962
5,984
5,996
6,0
6,2
6,3
6,7
6,9
6,12
6,15
6,19
6,29
6,32
6,45
6,47
6,62
6,72
6,77
6,86
6,91
6,97
6,103
6,111
6,114
6,120
6,167
6,196
6,210
6,233
6,244
6,272
6,276
6,297
6,315
6,316
6,345
6,350
6,355
6,385
6,388
6,508
6,511
6,550
6,588
6,612
6,689
6,709
6,721
6,760
6,826
6,842
6,910
6,964
6,968
6,989
6,998
7,0
7,5
7,6
7,8
7,15
7,23
7,27
7,40
7,41
7,42
7,49
7,72
7,73
7,99
7,110
7,120
7,132
7,148
7,166
7,203
7,210
7,267
7,307
7,312
7,357
7,360
7,372
7,387
7,393
7,394
7,463
7,498
7,507
7,521
7,570
7,580
7,633
7,635
7,667
7,688
7,722
7,743
7,824
7,873
7,890
7,907
7,947
8,0
8,5
8,7
8,13
8,30
8,39
8,61
8,116
8,134
8,223
8,250
8,256
8,281
8,310
8,318
8,319
8,480
8,510
8,602
8,658
8,716
8,765
8,788
8,901
8,974
9,1
9,3
9,6
9,11
9,36
9,41
9,71
9,75
9,96
9,104
9,122
9,152
9,159
9,231
9,262
9,276
9,298
9,340
9,356
9,415
9,442
9,507
9,519
9,535
9,542
9,592
9,604
9,639
9,673
9,785
9,893
9,978
9,985
10,1
10,2
10,3
10,15
10,24
10,27
10,32
10,43
10,52
10,56
10,83
10,102
10,103
10,106
10,119
10,151
10,158
10,219
10,229
10,241
10,242
10,260
10,273
10,284
10,312
10,326
10,334
10,346
10,546
10,640
10,685
10,729
10,760
10,766
10,773
10,852
10,859
10,887
10,893
10,918
11,9
11,3
11,5
11,14
11,51
11,80
11,98
11,121
11,123
11,150
11,194
11,221
11,240
11,248
11,268
11,302
11,353
11,362
11,440
11,569
11,574
11,660
12,2
12,3
12,6
12,86
12,111
12,209
12,214
12,239
12,355
12,406
12,445
12,552
12,779
13,8
13,0
13,3
13,49
13,169
13,245
13,370
13,373
13,433
13,687
13,894
14,0
14,11
14,5
14,17
14,18
14,21
14,28
14,33
14,36
14,37
14,38
14,39
14,41
14,44
14,45
14,48
14,55
14,64
14,66
14,75
14,80
14,93
14,124
14,129
14,150
14,157
14,160
14,168
14,171
14,196
14,211
14,213
14,233
14,238
14,260
14,263
14,265
14,291
14,294
14,300
14,308
14,358
14,360
14,376
14,388
14,391
14,394
14,402
14,417
14,463
14,467
14,473
14,500
14,510
14,523
14,534
14,538
14,539
14,605
14,617
14,620
14,621
14,631
14,715
14,735
14,770
14,824
14,830
14,835
14,913
14,927
14,929
15,10
15,6
15,7
15,20
15,25
15,31
15,47
15,50
15,57
15,113
15,178
15,184
15,216
15,243
15,245
15,287
15,321
15,349
15,375
15,421
15,482
15,495
15,597
15,598
15,631
15,632
15,767
15,976
16,0
16,1
16,3
16,17
16,18
16,21
16,43
16,51
16,55
16,96
16,137
16,146
16,237
16,440
16,553
16,595
16,628
16,666
16,814
16,858
16,879
16,895
16,918
16,931
17,16
17,1
17,14
17,22
17,56
17,130
17,289
17,328
17,543
17,645
17,719
17,742
17,875
17,976
18,16
18,5
18,14
18,25
18,117
18,185
18,344
18,399
18,479
18,643
19,2
19,3
19,6
19,40
19,67
19,85
19,86
19,117
19,159
19,253
19,262
19,489
19,593
19,696
19,795
19,800
19,805
19,985
19,992
20,1
20,4
20,15
20,93
20,95
20,100
20,105
20,165
20,281
20,445
20,475
20,667
20,674
20,793
20,879
20,911
21,16
21,1
21,14
21,53
21,176
22,17
22,3
22,5
22,133
22,149
22,201
22,377
22,398
22,437
22,591
22,605
23,0
23,3
23,7
23,26
23,33
23,34
23,52
23,76
23,88
23,92
23,97
23,100
23,143
23,147
23,171
23,191
23,194
23,228
23,318
23,321
23,358
23,384
23,396
23,491
23,537
23,649
23,651
23,754
23,834
23,835
23,874
23,894
23,949
23,971
23,973
24,10
24,3
24,4
24,36
24,50
24,74
24,99
24,121
24,128
24,163
24,226
24,390
24,404
24,460
24,531
24,566
24,754
24,808
24,959
25,1
25,18
25,15
25,26
25,47
25,60
25,68
25,90
25,115
25,174
25,198
25,206
25,277
25,346
25,403
25,432
25,434
25,439
25,494
25,547
25,594
25,672
25,768
25,835
25,880
25,963
25,980
26,25
26,1
26,23
26,575
27,1
27,10
27,7
27,109
27,161
27,164
27,175
27,177
27,207
27,357
27,400
27,544
27,666
27,915
27,941
28,0
28,3
28,14
28,30
28,42
28,53
28,102
28,138
28,147
28,165
28,179
28,184
28,188
28,303
28,314
28,389
28,449
28,484
28,548
28,554
28,692
28,698
28,852
29,1
29,5
29,6
29,46
29,68
29,89
29,110
29,161
29,183
29,194
29,204
29,226
29,230
29,324
29,372
29,392
29,438
29,819
29,834
29,839
29,922
29,955
30,8
30,3
30,28
30,66
30,82
30,162
30,264
30,274
30,716
30,774
30,793
31,0
31,3
31,15
31,46
31,61
31,325
31,709
32,10
32,5
32,6
32,192
32,235
32,354
32,367
32,398
32,446
32,757
32,789
32,942
32,943
33,2
33,14
33,23
33,51
33,52
33,127
33,197
33,255
33,294
33,656
33,809
33,832
33,951
34,1
34,3
34,23
34,139
34,542
34,980
35,1
35,2
35,5
35,69
35,98
35,108
35,285
35,309
35,342
35,612
35,664
35,841
35,878
36,24
36,9
36,14
36,38
36,60
36,62
36,71
36,73
36,92
36,94
36,114
36,127
36,128
36,129
36,142
36,155
36,169
36,192
36,201
36,236
36,250
36,331
36,336
36,352
36,396
36,408
36,418
36,428
36,510
36,719
36,934
37,1
37,5
37,14
37,173
37,179
37,313
37,578
37,583
37,649
37,838
38,3
38,36
38,14
38,81
38,122
38,178
38,263
38,343
38,353
38,424
38,493
38,661
38,816
38,826
38,883
38,901
38,914
38,997
39,8
39,4
39,14
39,119
39,349
40,2
40,19
40,7
40,59
40,64
40,98
40,100
40,107
40,118
40,124
40,126
40,154
40,155
40,173
40,187
40,211
40,215
40,230
40,258
40,296
40,316
40,338
40,339
40,370
40,384
40,428
40,432
40,437
40,462
40,480
40,501
40,506
40,562
40,565
40,618
40,665
40,705
40,732
40,746
40,858
41,9
41,14
41,7
41,45
41,149
41,418
41,794
42,1
42,28
42,7
42,43
42,44
42,46
42,69
42,70
42,76
42,82
42,85
42,90
42,97
42,103
42,180
42,222
42,307
42,308
42,384
42,468
42,476
42,523
42,561
42,603
42,755
42,877
42,883
42,912
42,952
42,983
43,16
43,10
43,42
43,50
43,70
43,147
43,158
43,223
43,246
43,528
43,564
43,617
43,622
43,935
44,0
44,42
44,14
44,107
44,118
44,143
44,172
44,585
44,748
44,901
44,995
45,41
45,6
45,14
45,48
45,63
45,77
45,90
45,137
45,153
45,169
45,198
45,296
45,365
45,404
45,537
46,42
46,29
46,31
46,54
46,130
46,141
46,146
46,167
46,180
46,237
46,280
46,406
46,458
46,493
46,512
46,532
46,560
46,584
46,600
46,627
46,756
46,761
46,825
46,905
47,25
47,6
47,15
47,95
47,135
47,154
47,209
47,218
47,268
47,421
47,518
47,695
47,822
47,847
48,1
48,45
48,14
48,54
48,153
48,492
48,741
48,843
48,957
49,3
49,13
49,7
49,63
49,89
49,106
49,130
49,144
49,156
49,158
49,167
49,193
49,272
49,333
49,351
49,472
49,488
49,521
49,541
49,616
49,988
50,24
50,43
50,15
50,78
50,79
50,81
50,83
50,91
50,110
50,142
50,156
50,163
50,195
50,229
50,254
50,260
50,268
50,379
50,382
50,405
50,527
50,550
50,602
50,634
50,684
50,778
50,812
50,876
51,16
51,33
51,11
51,293
51,314
51,458
51,536
51,589
51,808
52,33
52,10
52,23
52,57
52,108
52,299
52,572
52,848
52,955
53,21
53,28
53,5
53,59
53,84
53,171
53,450
53,546
54,48
54,3
54,46
54,57
54,65
54,82
54,150
54,166
54,182
54,223
54,239
54,253
54,288
54,292
54,307
54,312
54,379
54,410
54,568
54,721
54,786
54,797
54,806
54,809
54,866
54,882
54,927
55,16
55,3
55,14
55,134
55,227
55,368
55,380
55,618
55,681
56,17
56,10
56,3
56,116
56,142
56,175
56,207
56,226
56,228
56,251
56,258
56,284
56,376
56,417
56,439
56,504
56,598
56,687
57,52
57,54
57,15
57,58
57,61
57,93
57,156
57,201
57,212
57,269
57,301
57,481
57,962
58,57
58,3
58,1
58,77
58,107
58,259
58,270
58,305
58,322
58,364
58,426
58,598
58,601
58,630
58,753
58,863
58,890
58,937
58,950
58,961
58,965
58,970
59,40
59,4
59,53
59,623
60,25
60,3
60,36
60,72
60,76
60,101
60,116
60,168
60,206
60,218
60,237
60,255
60,339
60,414
60,429
60,449
60,559
60,688
60,924
61,8
61,57
61,31
61,152
61,438
61,455
61,847
62,3
62,36
62,6
62,74
62,84
62,108
62,111
62,197
62,299
62,309
62,440
62,682
62,819
62,855
63,1
63,45
63,49
63,321
63,373
63,424
63,431
64,40
64,5
64,14
64,65
64,92
64,140
64,216
64,310
65,64
65,2
65,54
65,87
65,101
65,220
65,263
65,375
65,393
65,424
65,650
65,736
65,752
65,862
65,981
66,0
66,30
66,14
66,79
66,89
66,102
66,157
66,262
66,311
66,319
66,654
66,913
67,1
67,19
67,5
67,79
67,80
67,94
67,99
67,136
67,249
67,294
67,311
67,401
67,423
67,514
67,549
67,626
67,640
67,652
67,757
67,886
67,924
67,980
68,25
68,29
68,1
68,78
68,119
68,121
68,155
68,273
68,323
68,327
68,520
69,42
69,35
69,5
69,95
69,129
69,149
69,274
69,698
70,42
70,43
70,5
70,96
70,118
70,164
70,214
70,217
70,265
70,536
70,726
70,740
71,9
71,36
71,5
71,181
71,340
71,385
71,402
71,411
71,425
71,435
71,647
71,751
71,999
72,60
72,6
72,7
72,125
72,622
72,682
72,731
72,794
72,913
73,1
73,36
73,7
73,143
73,144
73,251
73,301
73,456
73,492
73,573
73,637
73,775
73,853
73,899
73,958
74,24
74,3
74,62
74,94
74,269
74,860
75,1
75,14
75,9
75,87
75,168
75,290
75,291
75,490
75,566
75,624
75,714
75,821
76,42
76,60
76,23
76,277
76,900
77,58
77,45
77,6
77,213
77,230
77,244
77,272
77,330
77,504
77,940
78,50
78,68
78,5
78,170
78,801
79,50
79,67
79,66
79,285
79,323
79,347
79,362
79,459
79,481
79,542
79,568
79,577
79,676
79,851
79,869
79,905
80,67
80,11
80,14
80,190
80,303
80,320
80,458
80,648
80,695
80,869
80,945
81,50
81,5
81,38
81,112
81,144
81,299
81,607
81,867
82,54
82,42
82,30
82,811
83,1
83,50
83,10
83,91
83,178
83,365
83,405
83,449
83,454
83,517
83,540
83,675
83,713
83,831
84,3
84,53
84,62
84,208
84,395
84,402
84,519
84,530
84,629
84,650
84,799
85,2
85,42
85,19
85,132
85,199
85,410
85,996
86,19
86,12
86,6
86,411
86,514
86,575
86,746
87,0
87,65
87,75
87,114
87,188
87,224
87,295
87,330
87,549
87,618
87,660
88,0
88,5
88,23
88,105
88,140
88,192
88,197
88,208
88,264
88,306
88,380
88,452
88,494
88,515
88,518
88,713
88,724
88,753
88,813
88,841
88,858
88,888
88,889
88,996
88,997
89,49
89,66
89,29
89,131
89,732
89,846
90,25
90,42
90,45
90,501
90,653
90,769
91,50
91,83
91,6
92,64
92,36
92,23
92,539
92,946
93,57
93,20
93,14
93,189
93,238
93,286
93,329
93,363
93,409
93,679
93,828
93,865
94,74
94,67
94,36
94,109
94,122
94,139
94,241
94,258
94,266
94,427
94,925
95,20
95,69
95,47
95,282
95,286
95,379
95,422
95,476
95,659
95,703
95,738
95,742
95,810
95,966
96,16
96,9
96,70
96,123
96,145
96,146
96,207
96,246
96,257
96,309
96,408
96,409
96,538
96,596
96,681
96,772
97,42
97,6
97,23
97,115
97,117
97,133
97,151
97,152
97,191
97,199
97,212
97,232
97,235
97,243
97,406
97,414
97,512
97,557
97,578
97,720
97,727
97,818
97,952
97,961
97,983
97,986
98,40
98,35
98,11
98,339
98,776
98,940
98,947
98,971
98,978
99,24
99,67
99,7
99,290
99,371
99,524
99,597
99,936
100,40
100,20
100,23
100,125
100,196
100,205
100,397
100,467
100,656
100,917
101,65
101,60
101,5
101,176
101,220
101,325
101,517
101,741
101,760
101,827
102,66
102,10
102,28
102,217
102,486
102,532
102,979
103,10
103,42
103,6
103,185
103,270
103,511
103,738
103,781
104,9
104,3
104,5
104,195
104,403
104,518
105,88
105,1
105,20
105,275
105,369
105,441
105,639
105,885
105,920
106,1
106,10
106,49
106,113
106,135
106,560
106,822
107,40
107,58
107,44
107,182
107,238
107,334
107,335
107,493
107,528
108,35
108,52
108,62
108,139
108,239
108,586
108,780
109,27
109,5
109,94
109,141
109,184
109,248
109,450
109,592
109,607
110,50
110,29
110,7
110,270
110,346
110,412
110,599
111,12
111,62
111,6
111,329
111,366
111,499
111,525
111,590
111,596
111,667
111,722
111,746
112,81
112,4
112,5
112,132
112,137
112,256
112,611
112,817
113,106
113,3
113,15
113,179
113,403
113,427
114,36
114,6
114,87
114,159
114,470
114,503
114,647
114,826
114,911
115,25
115,2
115,97
115,181
115,869
116,8
116,56
116,60
116,148
116,200
116,225
116,523
116,567
116,646
116,800
117,97
117,18
117,19
117,127
117,157
117,244
117,300
117,359
117,688
117,694
117,715
118,40
118,44
118,70
118,190
118,228
118,337
118,401
118,436
119,10
119,68
119,39
119,131
119,151
119,231
119,250
119,354
119,386
119,400
119,437
119,447
119,525
119,562
119,642
119,734
119,877
119,892
120,5
120,6
120,7
120,939
121,24
121,11
121,68
121,136
121,586
122,9
122,38
122,94
122,175
122,319
122,448
122,633
122,845
123,3
123,11
123,96
123,176
123,202
123,212
123,261
123,375
123,411
123,459
123,509
123,700
123,727
123,743
123,857
123,982
124,40
124,5
124,14
125,72
125,100
125,5
125,343
125,665
125,747
126,0
126,40
126,3
126,755
126,823
126,904
127,33
127,36
127,117
127,256
127,278
127,691
127,750
128,24
128,3
128,36
128,861
129,36
129,69
129,14
129,153
129,203
129,541
130,17
130,46
130,49
130,289
130,365
131,89
131,1
131,119
131,163
131,164
131,419
131,672
131,678
132,112
132,85
132,7
132,138
132,345
132,477
132,582
132,921
132,975
132,987
133,97
133,2
133,22
133,288
133,713
133,805
134,8
134,1
134,55
134,576
134,613
134,704
134,891
134,937
135,106
135,4
135,47
135,761
135,804
135,806
135,854
136,121
136,67
136,5
136,305
136,576
136,960
137,16
137,112
137,45
137,347
138,1
138,132
138,28
139,34
139,108
139,94
139,525
139,579
139,654
139,902
140,64
140,88
140,4
140,271
140,335
140,415
140,680
140,921
141,1
141,109
141,46
141,287
141,447
141,587
142,56
142,50
142,36
142,186
142,215
142,254
142,332
142,349
142,371
142,654
143,73
143,44
143,23
143,145
143,302
143,562
143,728
143,945
144,81
144,73
144,49
144,553
144,671
144,886
145,96
145,5
145,143
145,252
145,434
145,671
145,886
145,974
146,16
146,96
146,46
146,314
146,515
146,764
147,43
147,28
147,23
147,160
147,275
147,279
147,308
147,350
147,372
147,416
147,444
147,456
147,526
147,581
147,604
147,641
147,745
147,953
148,3
148,116
148,7
148,859
149,41
149,69
149,22
149,172
149,243
149,249
149,328
149,347
149,529
149,685
149,844
149,881
150,11
150,54
150,14
150,162
150,289
150,368
150,551
150,878
150,919
151,97
151,10
151,119
151,485
151,860
151,959
152,97
152,61
152,9
152,174
152,497
152,758
152,993
153,48
153,129
153,45
153,487
153,659
154,40
154,5
154,47
154,219
154,353
154,450
154,548
154,555
154,670
154,837
155,40
155,68
155,36
155,241
155,516
155,623
156,57
156,50
156,49
156,514
156,772
157,66
157,117
157,14
157,185
157,279
157,558
158,49
158,10
158,43
158,162
158,383
158,457
158,517
158,520
158,854
158,963
159,9
159,114
159,19
159,193
159,282
159,680
160,0
160,147
160,14
160,221
160,267
160,356
160,490
160,497
160,568
160,811
161,27
161,3
161,29
161,187
161,211
161,251
161,371
161,422
161,572
161,594
161,752
161,791
162,158
162,150
162,30
163,24
163,50
163,131
163,183
163,202
163,225
163,348
163,819
163,944
164,27
164,131
164,70
164,421
164,616
164,644
164,702
164,885
165,1
165,20
165,28
165,204
165,381
165,712
166,3
166,54
166,7
166,465
166,469
166,526
166,628
167,46
167,49
167,6
167,430
167,610
168,75
168,60
168,14
168,236
168,240
168,320
168,325
168,380
168,390
168,464
168,590
168,703
168,836
169,45
169,36
169,13
169,234
169,267
169,281
169,292
169,304
169,305
169,378
169,430
169,452
169,603
169,708
169,711
169,762
169,792
169,798
169,809
170,4
170,5
170,78
170,636
171,53
171,14
171,23
171,198
171,232
171,286
171,462
171,524
171,531
171,695
172,2
172,44
172,149
172,530
173,40
173,1
173,37
174,152
174,25
174,5
174,208
174,231
174,291
174,422
175,56
175,122
175,27
175,181
175,202
175,316
175,412
175,529
175,563
175,636
175,677
175,734
175,738
175,767
175,866
176,21
176,123
176,101
176,186
176,751
176,909
177,2
177,27
177,5
177,227
177,278
177,547
177,655
177,732
178,83
178,38
178,15
178,374
178,509
179,113
179,28
179,37
179,255
180,42
180,5
180,46
180,213
180,218
180,252
180,261
180,293
180,317
180,333
180,367
180,519
180,627
180,634
180,676
180,726
180,781
180,832
180,903
181,175
181,115
181,71
181,429
181,570
181,856
182,1
182,107
182,54
182,327
183,0
183,163
183,29
183,242
183,259
183,451
183,477
184,28
184,109
184,15
184,206
184,224
185,18
185,157
185,103
185,219
185,328
185,432
185,461
185,789
185,967
186,176
186,1
186,142
186,285
186,373
187,40
187,161
187,5
187,522
187,591
188,28
188,5
188,87
188,344
188,413
188,435
188,884
189,1
189,4
189,93
189,283
189,315
189,419
189,842
190,80
190,5
190,118
190,675
191,97
191,3
191,23
191,662
191,717
192,88
192,32
192,36
192,200
192,385
192,745
192,974
193,49
193,3
193,159
193,750
193,763
193,864
194,11
194,29
194,23
194,327
194,672
194,942
195,0
195,50
195,104
195,266
196,100
196,6
196,14
196,259
196,429
196,540
196,637
196,643
196,829
196,985
197,88
197,33
197,62
197,242
197,367
197,499
197,914
197,972
198,25
198,171
198,45
198,222
198,275
198,295
198,317
198,397
198,559
198,624
198,832
198,936
199,97
199,3
199,85
199,530
199,534
199,815
200,192
200,3
200,116
200,227
200,395
200,420
200,768
201,57
201,36
201,22
201,236
201,564
201,589
201,614
201,664
201,683
201,782
201,836
202,123
202,163
202,175
202,269
202,292
202,366
202,922
203,0
203,129
203,7
203,472
203,497
203,678
203,691
204,29
204,4
204,165
204,246
204,284
204,478
204,487
204,491
204,556
204,697
204,892
205,2
205,3
205,100
205,733
205,769
206,184
206,25
206,60
206,599
206,735
207,96
207,56
207,27
207,332
207,665
207,669
207,757
207,847
207,879
208,88
208,84
208,174
208,335
208,392
208,418
208,436
208,779
209,3
209,12
209,47
209,569
209,674
210,0
210,6
210,7
210,461
210,464
210,807
211,40
211,161
211,14
211,290
211,479
212,97
212,123
212,57
212,336
213,180
213,77
213,14
213,603
213,706
213,733
213,782
214,2
214,12
214,70
214,545
214,807
215,40
215,0
215,142
215,235
215,248
215,279
215,392
215,484
215,527
215,686
216,64
216,4
216,15
216,252
216,303
216,472
216,573
216,587
216,652
216,833
216,891
217,102
217,3
217,70
217,221
217,222
217,650
218,180
218,60
218,47
218,247
218,382
218,662
219,185
219,10
219,154
219,240
219,317
219,341
219,352
219,994
220,65
220,5
220,101
220,413
220,619
220,762
221,160
221,217
221,11
221,229
221,468
221,645
222,217
222,42
222,198
222,224
222,861
223,8
223,43
223,54
223,656
224,184
224,222
224,87
224,919
225,1
225,163
225,116
225,245
225,389
225,425
225,451
225,521
226,56
226,24
226,29
226,701
227,200
227,177
227,55
227,337
227,643
227,842
227,850
228,56
228,118
228,23
228,232
229,10
229,50
229,221
229,320
229,516
230,40
230,77
230,29
230,420
230,489
230,733
231,9
231,174
231,119
231,293
231,326
231,391
231,451
231,466
231,533
231,965
232,97
232,171
232,228
232,447
232,464
232,629
232,864
233,5
233,6
233,14
234,0
234,169
234,4
234,460
234,536
234,558
235,32
235,97
235,215
235,297
235,455
236,168
236,201
236,36
236,247
236,334
236,457
236,482
236,496
236,769
236,882
237,16
237,60
237,46
237,265
237,407
237,430
237,617
237,683
238,107
238,93
238,14
238,376
238,651
238,935
238,990
239,108
239,12
239,54
239,524
239,533
239,995
240,11
240,219
240,168
240,750
240,806
240,846
240,959
241,10
241,155
241,94
241,271
241,749
241,775
242,10
242,197
242,183
242,625
242,926
242,983
243,97
243,149
243,15
243,253
244,117
244,77
244,6
244,356
244,394
244,605
244,938
245,225
245,13
245,15
245,282
246,96
246,43
246,204
246,254
246,663
246,706
246,747
246,773
246,866
246,888
246,949
247,218
247,2
247,236
247,257
247,311
247,345
247,540
248,11
248,109
248,215
248,296
249,0
249,67
249,149
249,707
250,8
250,36
250,119
250,336
250,696
250,774
250,785
250,979
251,56
251,73
251,161
251,271
251,803
252,216
252,145
252,180
253,19
253,54
253,243
253,330
253,609
254,50
254,142
254,246
254,535
254,759
254,833
255,33
255,179
255,60
255,324
255,364
255,543
255,707
255,927
256,112
256,8
256,127
256,283
256,500
257,0
257,96
257,247
257,377
257,431
257,443
257,453
257,668
257,764
257,817
258,40
258,56
258,94
258,277
258,343
258,582
258,707
258,823
258,875
259,58
259,196
259,183
260,50
260,10
260,14
260,341
260,544
260,631
260,663
260,699
260,831
260,845
260,849
260,862
260,932
260,963
261,2
261,123
261,180
261,635
261,967
262,9
262,66
262,19
262,276
262,358
262,366
262,383
262,520
262,825
262,829
263,65
263,38
263,14
263,453
263,466
264,88
264,1
264,30
264,302
264,446
264,473
264,486
264,653
265,70
265,237
265,14
265,855
266,3
266,94
266,195
266,344
266,393
266,489
266,490
266,912
266,920
267,160
267,169
267,7
267,398
267,407
267,567
267,669
268,50
268,11
268,47
268,332
269,57
269,202
269,74
269,351
269,488
270,58
270,110
270,103
271,241
271,251
271,140
272,49
272,77
272,6
272,460
272,486
272,857
273,10
273,3
273,68
273,454
273,701
274,4
274,69
274,30
274,691
275,105
275,147
275,198
275,361
275,374
275,560
275,635
275,680
276,9
276,262
276,6
276,845
277,25
277,258
277,76
277,593
277,687
277,889
278,177
278,3
278,127
278,350
278,442
278,476
278,614
278,642
278,763
278,951
279,147
279,157
279,215
279,297
279,333
279,408
279,444
279,630
280,0
280,5
280,46
280,932
281,8
281,169
281,20
281,359
281,438
281,581
281,679
282,245
282,95
282,159
283,256
283,0
283,189
283,348
283,352
283,818
284,56
284,10
284,204
285,186
285,35
285,79
285,369
285,533
286,171
286,93
286,95
286,313
286,315
287,5
287,141
287,15
287,404
287,723
288,5
288,54
288,133
288,369
288,471
288,802
288,843
289,17
289,130
289,150
289,923
290,99
290,75
290,211
290,326
290,636
290,708
291,75
291,174
291,14
291,435
292,169
292,202
292,54
292,423
292,595
292,701
292,958
293,51
293,180
293,231
294,33
294,67
294,14
294,712
295,3
295,198
295,87
295,401
295,788
296,40
296,248
296,45
297,235
297,6
297,279
297,322
297,361
298,9
298,2
298,3
298,322
298,425
298,444
298,529
298,567
298,584
298,668
298,735
298,780
298,830
299,81
299,52
299,62
299,363
300,1
300,117
300,14
300,583
301,73
301,3
301,57
301,846
302,264
302,11
302,143
302,470
302,851
302,863
303,216
303,80
303,28
303,465
303,471
303,759
303,889
304,169
304,3
304,5
305,136
305,169
305,58
305,318
305,387
305,471
306,88
306,2
306,4
307,42
307,54
307,7
307,338
307,409
307,580
307,930
308,42
308,147
308,14
308,439
308,664
308,677
308,694
309,96
309,35
309,62
309,363
309,368
309,555
309,557
309,608
309,784
309,805
310,8
310,1
310,64
311,66
311,67
311,247
311,391
311,606
312,10
312,54
312,7
313,1
313,37
313,286
313,700
314,146
314,51
314,28
315,189
315,6
315,286
316,40
316,6
316,175
317,219
317,180
317,198
317,592
317,620
318,8
318,305
318,23
318,934
319,8
319,122
319,66
319,632
320,80
320,229
320,168
320,386
320,387
320,414
320,457
320,566
321,23
321,63
321,15
321,359
321,551
322,297
322,298
322,58
322,981
323,1
323,68
323,79
323,780
324,1
324,29
324,255
324,383
324,390
324,433
324,555
324,637
324,837
324,933
324,954
324,994
325,168
325,101
325,31
325,484
325,615
326,10
326,290
326,231
326,395
326,495
326,629
327,194
327,68
327,182
327,588
328,185
328,149
328,17
328,571
328,844
328,906
329,5
329,93
329,111
329,574
330,77
330,253
330,87
331,2
331,36
331,4
331,744
331,839
332,268
332,142
332,207
332,537
332,969
333,49
333,180
333,279
333,396
333,557
333,972
334,10
334,107
334,236
334,405
334,441
334,505
334,638
334,892
335,208
335,107
335,140
335,766
335,943
336,250
336,212
336,36
336,420
337,227
337,5
337,118
337,816
338,40
338,1
338,307
338,930
339,40
339,98
339,60
339,399
340,1
340,9
340,71
340,351
340,990
341,0
341,219
341,260
341,590
341,671
342,3
342,1
342,35
342,723
343,258
343,125
343,38
343,441
343,466
343,478
343,481
343,700
344,18
344,266
344,188
344,462
345,132
345,6
345,247
345,399
345,443
345,710
345,812
346,25
346,10
346,110
346,612
347,137
347,149
347,79
347,502
347,551
347,872
348,3
348,283
348,163
348,799
349,15
349,142
349,39
349,876
349,954
350,147
350,6
350,278
350,553
350,608
350,849
351,49
351,340
351,269
351,641
351,670
351,736
352,283
352,36
352,219
352,381
353,154
353,11
353,38
353,355
353,569
354,32
354,5
354,119
354,779
354,798
355,353
355,12
355,6
355,474
355,597
356,160
356,9
356,244
357,27
357,5
357,7
357,412
357,574
357,704
357,752
358,23
358,262
358,14
358,378
358,465
359,321
359,117
359,281
360,5
360,14
360,7
360,611
360,724
360,793
361,1
361,275
361,297
361,565
362,1
362,11
362,79
363,299
363,309
363,93
364,58
364,2
364,255
365,130
365,83
365,45
366,202
366,262
366,111
367,32
367,180
367,197
367,389
368,309
368,150
368,55
368,496
368,544
368,723
369,288
369,105
369,285
369,882
370,40
370,13
370,5
370,563
371,161
371,99
371,142
371,504
371,711
371,720
371,991
372,147
372,29
372,7
373,186
373,13
373,63
373,416
373,745
373,748
373,758
373,921
373,956
374,0
374,178
374,275
374,413
374,527
374,615
374,670
374,897
374,947
375,65
375,123
375,15
375,559
375,609
375,628
376,56
376,14
376,238
376,719
377,257
377,5
377,22
378,1
378,169
378,358
379,50
379,54
379,95
379,586
379,992
380,168
380,88
380,55
380,397
380,400
380,552
380,581
380,591
380,676
380,710
380,808
380,841
381,352
381,4
381,165
382,218
382,2
382,50
382,904
383,324
383,158
383,262
383,600
383,792
383,877
384,40
384,42
384,23
384,923
385,192
385,6
385,71
386,320
386,5
386,119
387,320
387,305
387,7
388,3
388,6
388,14
388,483
388,606
389,225
389,28
389,367
389,993
390,168
390,24
390,324
390,748
391,311
391,14
391,231
392,208
392,29
392,215
392,522
393,65
393,266
393,7
393,434
394,244
394,14
394,7
395,200
395,84
395,326
395,534
395,718
395,725
395,778
396,36
396,333
396,23
396,682
396,739
396,817
397,380
397,100
397,198
398,32
398,267
398,22
399,345
399,18
399,339
400,27
400,380
400,119
400,721
400,962
401,67
401,118
401,295
401,445
401,692
402,84
402,14
402,71
402,469
402,615
403,104
403,113
403,25
403,483
403,661
403,690
403,838
403,849
404,24
404,45
404,287
404,452
404,870
405,50
405,83
405,334
406,97
406,12
406,46
406,784
406,801
406,844
407,267
407,3
407,237
407,416
407,684
407,727
408,96
408,36
408,279
408,502
408,634
409,96
409,307
409,93
409,758
410,85
410,5
410,54
411,123
411,86
411,71
412,357
412,110
412,175
412,781
412,790
412,820
412,883
412,903
413,220
413,188
413,374
413,697
414,320
414,97
414,60
414,479
414,739
415,9
415,2
415,140
416,147
416,373
416,407
417,56
417,5
417,14
417,790
418,208
418,41
418,36
418,501
418,718
418,953
418,969
419,5
419,131
419,189
420,200
420,336
420,230
421,164
421,47
421,15
421,697
422,161
422,174
422,95
422,463
423,1
423,67
423,292
423,651
424,65
424,38
424,63
424,496
424,619
424,763
425,225
425,298
425,71
425,446
425,561
425,579
425,705
425,782
425,825
426,58
426,3
426,5
427,113
427,3
427,94
428,40
428,1
428,36
428,474
428,594
428,702
428,740
429,196
429,181
429,60
430,169
430,237
430,167
430,470
430,989
431,257
431,3
431,63
431,477
431,898
431,918
432,40
432,25
432,185
432,474
432,797
433,5
433,324
433,13
433,610
433,728
433,916
434,25
434,145
434,393
434,494
434,613
434,800
434,956
435,291
435,188
435,71
435,556
436,208
436,3
436,118
437,40
437,22
437,119
437,461
437,478
437,810
437,919
437,928
438,281
438,29
438,61
438,448
438,653
439,56
439,25
439,308
440,16
440,11
440,62
441,105
441,334
441,343
441,595
441,747
441,767
441,908
442,0
442,9
442,278
442,491
442,587
443,345
443,4
443,257
443,799
443,823
443,873
444,298
444,147
444,279
444,971
445,401
445,12
445,20
446,32
446,425
446,264
446,616
447,232
447,141
447,119
447,485
447,681
447,824
448,122
448,3
448,438
448,829
449,83
449,28
449,60
449,577
449,868
449,960
450,154
450,109
450,53
450,705
450,796
450,956
450,976
451,225
451,231
451,183
451,608
451,657
452,88
452,169
452,404
453,257
453,3
453,263
453,839
454,273
454,83
454,1
454,714
455,1
455,235
455,61
455,658
455,699
456,73
456,147
456,5
457,320
457,236
457,158
457,662
457,717
457,848
457,911
458,80
458,51
458,46
458,648
458,946
459,1
459,123
459,79
459,535
459,756
459,966
460,272
460,24
460,234
460,694
461,185
461,210
461,437
461,596
462,40
462,344
462,171
462,513
462,798
462,859
463,14
463,422
463,7
463,657
464,232
464,210
464,168
465,358
465,166
465,303
465,505
465,661
466,231
466,263
466,343
467,100
467,4
467,14
467,766
467,850
467,981
468,5
468,42
468,221
469,1
469,402
469,166
469,507
469,658
470,114
470,430
470,302
470,995
471,288
471,305
471,303
471,546
471,788
471,828
472,216
472,49
472,203
473,264
473,3
473,14
473,550
473,583
473,718
474,432
474,355
474,428
474,884
475,5
475,20
475,4
475,783
476,42
476,278
476,95
476,522
477,183
477,132
477,431
478,204
478,437
478,343
478,575
478,624
478,853
478,884
479,18
479,211
479,414
479,789
480,40
480,1
480,8
480,961
481,57
481,79
481,343
481,714
482,0
482,236
482,15
482,744
483,3
483,388
483,403
483,625
483,626
483,639
483,722
483,970
484,28
484,325
484,215
484,725
485,151
485,1
485,447
485,881
486,272
486,264
486,102
486,499
486,768
487,153
487,2
487,204
487,549
487,565
487,893
488,49
488,269
488,5
489,266
489,19
489,230
489,577
489,973
490,160
490,266
490,75
490,554
490,556
491,442
491,204
491,23
491,827
491,984
492,48
492,73
492,4
492,513
492,872
493,46
493,107
493,38
493,614
493,678
493,709
493,734
493,737
493,814
493,907
494,88
494,25
494,434
494,538
494,924
495,3
495,326
495,15
495,511
496,424
496,368
496,236
496,930
497,160
497,203
497,152
497,712
497,765
497,821
497,949
498,1
498,3
498,7
498,526
498,759
498,795
498,856
498,870
498,955
499,197
499,486
499,111
500,256
500,5
500,14
501,418
501,90
501,40
501,857
502,408
502,2
502,347
503,1
503,114
503,5
504,56
504,371
504,77
505,465
505,5
505,334
505,698
506,40
506,3
506,4
507,9
507,469
507,7
507,564
507,853
508,0
508,3
508,6
508,703
509,123
509,178
509,3
509,791
510,8
510,36
510,14
510,626
510,655
510,715
510,821
511,103
511,6
511,495
512,97
512,4
512,46
512,803
513,1
513,492
513,462
513,528
514,67
514,156
514,86
514,997
515,88
515,146
515,5
516,2
516,155
516,229
517,83
517,101
517,158
517,754
517,801
517,875
518,104
518,88
518,47
519,9
519,180
519,84
519,957
520,158
520,68
520,262
521,225
521,49
521,7
521,737
521,950
522,392
522,187
522,476
522,621
523,42
523,116
523,14
523,720
523,928
524,99
524,171
524,239
524,783
525,139
525,111
525,119
526,498
526,147
526,166
527,50
527,374
527,215
527,761
528,43
528,107
528,513
529,298
529,149
529,175
529,726
529,909
530,199
530,172
530,84
530,561
531,24
531,171
531,5
531,554
532,46
532,5
532,102
532,602
532,978
533,231
533,285
533,239
533,545
533,627
534,395
534,14
534,199
535,9
535,459
535,254
536,234
536,51
536,70
536,579
536,852
537,332
537,45
537,23
538,96
538,494
538,14
539,3
539,92
539,14
539,786
539,854
540,83
540,196
540,247
540,855
541,129
541,4
541,49
541,696
542,9
542,34
542,79
542,613
542,657
543,1
543,17
543,255
543,620
543,952
544,368
544,27
544,260
544,663
544,743
544,787
545,5
545,533
545,214
546,10
546,53
546,471
546,790
547,0
547,177
547,25
548,154
548,28
548,4
548,585
548,625
548,677
548,689
548,729
549,67
549,87
549,487
549,571
549,778
549,967
550,473
550,50
550,6
550,908
551,321
551,347
551,150
551,787
551,814
551,834
552,1
552,380
552,12
553,144
553,16
553,350
553,573
553,600
554,490
554,531
554,28
555,154
555,324
555,309
556,490
556,435
556,204
556,582
556,702
556,840
557,97
557,333
557,309
558,234
558,2
558,157
559,60
559,198
559,375
559,770
559,840
559,885
560,106
560,275
560,46
560,786
560,795
561,425
561,530
561,42
561,652
561,668
561,737
561,785
562,40
562,119
562,143
563,370
563,3
563,175
563,607
564,201
564,43
564,507
565,40
565,361
565,487
565,619
565,630
565,645
565,717
565,777
565,828
565,867
565,897
565,916
566,320
566,24
566,75
567,298
567,267
567,116
568,160
568,54
568,79
568,843
568,896
568,946
569,353
569,11
569,209
570,181
570,5
570,7
570,796
571,0
571,328
571,549
572,161
572,52
572,4
573,73
573,553
573,216
574,329
574,11
574,357
574,896
575,26
575,478
575,86
576,136
576,1
576,134
576,848
577,489
577,449
577,79
577,739
578,97
578,4
578,37
578,585
578,755
578,777
578,916
579,536
579,425
579,139
580,307
580,4
580,7
580,942
581,281
581,147
581,380
581,880
582,258
582,132
582,556
582,925
583,473
583,300
583,37
583,730
583,874
583,923
583,938
584,298
584,5
584,46
584,820
585,578
585,548
585,44
586,121
586,379
586,108
587,216
587,442
587,141
587,655
587,773
588,5
588,6
588,327
589,0
589,201
589,51
589,969
590,168
590,341
590,111
590,606
590,684
590,887
591,187
591,380
591,22
591,837
592,9
592,109
592,317
592,731
592,928
592,943
592,988
593,1
593,19
593,277
594,25
594,161
594,428
594,804
595,16
595,441
595,292
595,601
596,96
596,461
596,111
596,998
597,355
597,99
597,15
597,899
598,56
598,58
598,15
599,3
599,206
599,110
599,933
600,553
600,46
600,383
600,642
600,771
601,58
601,595
601,5
601,675
602,8
602,50
602,532
602,604
602,679
602,912
603,169
603,42
603,213
603,649
604,9
604,602
604,147
604,776
605,244
605,14
605,22
606,388
606,590
606,311
606,724
607,81
607,563
607,109
608,451
608,309
608,350
608,674
609,1
609,253
609,375
610,0
610,433
610,167
611,112
611,1
611,360
612,346
612,35
612,6
613,434
613,134
613,542
614,201
614,493
614,278
614,640
615,402
615,325
615,374
616,49
616,164
616,446
617,43
617,237
617,14
617,934
618,40
618,87
618,55
618,794
618,910
619,424
619,220
619,565
619,990
620,317
620,14
620,543
621,0
621,522
621,14
621,647
621,948
622,72
622,1
622,43
623,2
623,59
623,155
623,693
624,75
624,198
624,478
625,242
625,483
625,548
625,638
626,67
626,510
626,483
626,638
626,660
627,180
627,533
627,46
628,16
628,166
628,375
628,827
629,232
629,84
629,326
629,968
630,58
630,565
630,279
631,260
631,14
631,15
632,3
632,319
632,15
633,0
633,122
633,7
634,408
634,50
634,180
634,641
634,673
634,731
635,275
635,261
635,7
636,170
636,290
636,175
637,73
637,196
637,324
637,683
637,692
637,851
638,625
638,626
638,334
639,105
639,483
639,9
639,736
640,10
640,67
640,614
641,634
641,147
641,351
642,600
642,278
642,119
642,867
643,18
643,227
643,196
643,856
644,1
644,164
644,5
645,221
645,17
645,565
646,1
646,116
646,5
646,898
646,910
647,114
647,621
647,71
647,831
648,80
648,458
648,5
649,603
649,37
649,23
650,65
650,217
650,84
650,690
651,23
651,238
651,423
652,216
652,561
652,67
653,264
653,90
653,438
654,66
654,139
654,142
655,177
655,587
655,510
656,33
656,100
656,223
656,784
657,451
657,542
657,463
658,8
658,469
658,455
658,744
658,753
658,803
659,0
659,153
659,95
659,986
660,626
660,11
660,87
660,777
660,922
661,465
661,403
661,38
662,457
662,218
662,191
663,544
663,260
663,246
664,201
664,35
664,308
664,863
665,40
665,125
665,207
666,16
666,27
666,5
667,111
667,20
667,7
668,257
668,298
668,561
669,0
669,267
669,207
669,730
670,154
670,374
670,351
670,693
671,144
671,145
671,341
672,25
672,194
672,131
672,900
673,1
673,634
673,9
674,608
674,209
674,20
674,690
674,954
675,601
675,83
675,190
676,180
676,380
676,79
676,904
677,308
677,548
677,175
677,711
678,131
678,493
678,203
679,281
679,602
679,93
680,275
680,140
680,159
680,860
680,926
681,96
681,447
681,55
682,72
682,396
682,62
683,201
683,637
683,237
683,796
684,50
684,590
684,407
684,880
685,10
685,3
685,149
686,3
686,4
686,215
686,822
687,56
687,277
687,13
688,60
688,117
688,7
688,765
688,957
689,548
689,4
689,6
690,674
690,403
690,650
691,274
691,203
691,127
692,401
692,28
692,637
693,5
693,670
693,623
694,460
694,117
694,308
695,80
695,171
695,47
696,250
696,19
696,541
697,204
697,413
697,421
698,505
698,28
698,69
698,756
699,1
699,260
699,455
700,313
700,123
700,343
701,273
701,226
701,292
702,428
702,164
702,556
703,168
703,508
703,95
703,926
704,2
704,357
704,134
704,868
705,40
705,425
705,450
706,2
706,213
706,246
706,906
707,249
707,258
707,255
708,1
708,290
708,169
709,493
709,6
709,31
710,345
710,3
710,380
711,169
711,371
711,677
712,497
712,165
712,294
712,815
713,88
713,83
713,133
713,815
714,481
714,75
714,454
714,802
715,117
715,14
715,510
715,896
716,8
716,3
716,30
716,992
717,457
717,565
717,191
718,473
718,418
718,395
718,878
719,376
719,17
719,36
719,871
720,523
720,97
720,371
721,400
721,54
721,6
722,483
722,111
722,7
723,368
723,342
723,287
723,977
724,360
724,88
724,606
724,741
724,772
724,812
725,3
725,395
725,484
725,792
726,529
726,180
726,70
727,97
727,123
727,407
728,433
728,3
728,143
729,10
729,3
729,548
729,975
730,1
730,669
730,583
730,891
731,72
731,634
731,592
732,40
732,89
732,177
732,984
733,213
733,205
733,230
733,941
734,119
734,493
734,175
734,864
735,298
735,206
735,14
736,65
736,351
736,639
736,762
737,561
737,493
737,521
738,175
738,103
738,95
738,775
738,999
739,577
739,396
739,414
740,2
740,428
740,70
740,944
740,977
741,48
741,724
741,101
742,17
742,3
742,95
743,544
743,123
743,7
744,482
744,331
744,658
745,192
745,147
745,373
746,40
746,86
746,111
746,944
747,441
747,125
747,246
748,44
748,373
748,390
749,0
749,241
749,5
750,240
750,193
750,127
750,991
751,176
751,3
751,71
751,994
752,65
752,161
752,357
752,850
753,88
753,658
753,58
753,915
754,24
754,517
754,23
755,578
755,42
755,126
755,830
755,888
756,698
756,459
756,46
756,887
757,32
757,67
757,207
757,929
757,945
758,152
758,409
758,373
759,498
759,254
759,303
760,10
760,101
760,6
760,813
761,527
761,46
761,135
761,787
761,964
762,736
762,169
762,220
762,902
763,424
763,193
763,278
764,257
764,146
764,4
765,688
765,8
765,497
765,865
766,10
766,467
766,335
767,441
767,175
767,15
767,874
768,200
768,25
768,486
769,90
769,236
769,205
770,5
770,14
770,559
771,600
771,4
771,5
771,940
772,96
772,156
772,724
772,820
773,10
773,587
773,246
774,1
774,250
774,30
775,73
775,241
775,738
776,98
776,3
776,604
777,578
777,660
777,565
778,50
778,395
778,549
779,208
779,354
779,12
779,804
780,298
780,323
780,108
780,908
781,412
781,180
781,103
781,972
782,425
782,201
782,213
783,2
783,475
783,524
784,656
784,309
784,406
785,561
785,250
785,9
786,560
786,539
786,54
787,544
787,761
787,551
788,8
788,471
788,295
788,811
789,32
789,185
789,479
790,417
790,546
790,412
790,931
791,161
791,3
791,509
792,169
792,725
792,383
793,360
793,20
793,30
794,72
794,41
794,618
794,917
794,979
795,560
795,498
795,19
795,905
795,993
796,450
796,570
796,683
797,432
797,3
797,54
797,870
798,169
798,354
798,462
799,443
799,84
799,348
800,434
800,19
800,116
801,78
801,517
801,406
802,288
802,1
802,714
803,512
803,658
803,251
804,594
804,779
804,135
805,19
805,309
805,133
806,240
806,54
806,135
807,210
807,4
807,214
808,24
808,51
808,380
809,33
809,169
809,54
810,3
810,437
810,95
811,160
811,82
811,788
812,345
812,50
812,724
813,760
813,88
813,4
814,16
814,493
814,551
815,712
815,713
815,199
815,900
816,337
816,4
816,38
816,964
817,112
817,257
817,396
818,97
818,283
818,1
819,163
819,29
819,62
820,584
820,412
820,772
821,497
821,75
821,510
822,106
822,686
822,47
823,258
823,443
823,126
824,7
824,14
824,447
824,894
825,46
825,425
825,262
826,114
826,38
826,6
826,838
827,491
827,628
827,101
827,965
828,565
828,93
828,471
829,448
829,196
829,262
830,298
830,755
830,14
831,83
831,260
831,647
832,33
832,180
832,198
833,216
833,3
833,254
834,23
834,29
834,551
835,25
835,14
835,23
836,168
836,201
836,3
836,987
837,154
837,324
837,591
838,826
838,403
838,37
839,29
839,331
839,453
840,1
840,556
840,559
841,88
841,35
841,380
842,227
842,189
842,6
842,873
843,568
843,48
843,288
844,328
844,149
844,406
844,920
844,977
844,998
845,122
845,276
845,260
846,240
846,89
846,301
846,865
847,207
847,61
847,47
848,576
848,457
848,52
849,403
849,260
849,350
850,752
850,467
850,227
850,960
850,968
851,637
851,302
851,79
852,536
852,10
852,28
853,73
853,507
853,478
854,539
854,158
854,135
855,265
855,540
855,62
856,498
856,643
856,181
857,272
857,123
857,501
858,88
858,16
858,40
859,10
859,148
859,462
860,680
860,74
860,151
861,128
861,3
861,222
862,0
862,65
862,260
862,881
862,898
863,664
863,58
863,302
864,232
864,193
864,734
865,765
865,93
865,846
865,871
865,917
865,989
866,175
866,54
866,246
867,81
867,642
867,565
868,704
868,449
868,5
869,80
869,115
869,79
870,498
870,404
870,797
871,865
871,2
871,719
872,2
872,347
872,492
873,842
873,443
873,7
874,767
874,583
874,23
875,17
875,258
875,517
876,1
876,50
876,349
877,42
877,383
877,119
878,35
878,150
878,718
878,914
879,16
879,20
879,207
880,25
880,684
880,581
881,485
881,149
881,862
882,369
882,236
882,54
883,42
883,412
883,38
884,474
884,188
884,478
885,105
885,164
885,559
886,144
886,145
886,67
887,10
887,756
887,590
888,88
888,755
888,246
889,88
889,277
889,303
890,2
890,58
890,7
891,216
891,730
891,134
892,204
892,334
892,119
893,9
893,10
893,487
893,936
894,824
894,13
894,23
895,16
895,1
895,2
895,935
896,568
896,715
896,574
896,939
897,0
897,565
897,374
897,903
898,646
898,862
898,431
899,73
899,3
899,597
900,672
900,76
900,815
901,8
901,44
901,38
901,941
902,3
902,762
902,139
902,906
903,412
903,897
903,180
903,932
904,382
904,676
904,126
905,795
905,46
905,79
906,328
906,706
906,902
906,931
907,1
907,493
907,7
908,441
908,780
908,550
909,0
909,529
909,176
910,618
910,646
910,6
911,457
911,114
911,20
912,266
912,42
912,602
912,933
913,72
913,66
913,14
914,38
914,197
914,878
915,753
915,27
915,5
916,433
916,578
916,565
917,865
917,794
917,100
918,16
918,10
918,431
919,224
919,437
919,150
920,105
920,266
920,844
921,132
921,140
921,373
922,202
922,660
922,29
923,384
923,289
923,583
924,67
924,60
924,494
925,582
925,5
925,94
926,680
926,242
926,703
927,14
927,54
927,255
928,592
928,523
928,437
929,5
929,757
929,14
930,496
930,338
930,307
931,16
931,906
931,790
932,280
932,260
932,903
933,912
933,324
933,599
934,617
934,36
934,318
935,43
935,238
935,895
936,99
936,893
936,198
937,58
937,4
937,134
937,982
938,244
938,5
938,583
939,120
939,1
939,896
940,98
940,771
940,77
941,733
941,27
941,901
941,948
942,32
942,194
942,580
943,592
943,32
943,335
944,746
944,163
944,740
945,80
945,757
945,143
946,568
946,458
946,92
946,950
947,98
947,374
947,7
947,982
948,1
948,621
948,941
949,497
949,246
949,23
950,521
950,946
950,58
951,33
951,3
951,278
952,97
952,42
952,543
953,3
953,418
953,147
953,966
954,674
954,324
954,349
955,498
955,52
955,29
956,450
956,434
956,373
957,688
957,48
957,519
958,73
958,292
958,5
959,24
959,240
959,151
960,136
960,449
960,850
961,480
961,97
961,58
962,400
962,57
962,5
963,25
963,260
963,158
964,816
964,761
964,6
965,58
965,827
965,231
966,953
966,459
966,95
967,185
967,261
967,549
968,850
968,629
968,6
969,418
969,332
969,589
970,3
970,58
970,483
971,98
971,444
971,23
972,781
972,333
972,197
973,0
973,489
973,23
973,986
974,8
974,145
974,192
975,0
975,729
975,132
976,17
976,450
976,15
977,723
977,844
977,740
978,9
978,98
978,532
979,794
979,250
979,102
980,25
980,34
980,67
981,65
981,322
981,467
982,937
982,123
982,947
983,97
983,242
983,42
984,491
984,732
984,5
985,9
985,19
985,196
986,97
986,659
986,973
987,3
987,132
987,836
988,592
988,49
988,2
989,865
989,430
989,6
990,619
990,340
990,238
991,371
991,3
991,750
992,19
992,379
992,716
993,152
993,795
993,389
994,219
994,324
994,751
995,44
995,470
995,239
996,88
996,85
996,5
997,88
997,514
997,38
998,844
998,6
998,596
999,738
999,3
999,71
